998 2
996 2
994 2
992 2
990 2
988 2
986 2
984 2
982 2
980 2
978 2
976 2
974 2
972 2
970 2
968 2
966 2
964 2
962 2
960 2
958 2
956 2
954 2
952 2
950 2
948 2
946 2
944 2
942 2
940 2
938 2
936 2
934 2
932 2
930 2
928 2
926 2
924 2
922 2
920 2
918 2
916 2
914 2
912 2
910 2
908 2
906 2
904 2
902 2
900 2
898 2
896 2
894 2
892 2
890 2
888 2
886 2
884 2
882 2
880 2
878 2
876 2
874 2
872 2
870 2
868 2
866 2
864 2
862 2
860 2
858 2
856 2
854 2
852 2
850 2
848 2
846 2
844 2
842 2
840 2
838 2
836 2
834 2
832 2
830 2
828 2
826 2
824 2
822 2
820 2
818 2
816 2
814 2
812 2
810 2
808 2
806 2
804 2
802 2
800 2
798 2
796 2
794 2
792 2
790 2
788 2
786 2
784 2
782 2
780 2
778 2
776 2
774 2
772 2
770 2
768 2
766 2
764 2
762 2
760 2
758 2
756 2
754 2
752 2
750 2
748 2
746 2
744 2
742 2
740 2
738 2
736 2
734 2
732 2
730 2
728 2
726 2
724 2
722 2
720 2
718 2
716 2
714 2
712 2
710 2
708 2
706 2
704 2
702 2
700 2
698 2
696 2
694 2
692 2
690 2
688 2
686 2
684 2
682 2
680 2
678 2
676 2
674 2
672 2
670 2
668 2
666 2
664 2
662 2
660 2
658 2
656 2
654 2
652 2
650 2
648 2
646 2
644 2
642 2
640 2
638 2
636 2
634 2
632 2
630 2
628 2
626 2
624 2
622 2
620 2
618 2
616 2
614 2
612 2
610 2
608 2
606 2
604 2
602 2
600 2
598 2
596 2
594 2
592 2
590 2
588 2
586 2
584 2
582 2
580 2
578 2
576 2
574 2
572 2
570 2
568 2
566 2
564 2
562 2
560 2
558 2
556 2
554 2
552 2
550 2
548 2
546 2
544 2
542 2
540 2
538 2
536 2
534 2
532 2
530 2
528 2
526 2
524 2
522 2
520 2
518 2
516 2
514 2
512 2
510 2
508 2
506 2
504 2
502 2
500 2
499 2
498 4
497 2
496 4
495 2
494 4
493 2
492 4
491 2
490 4
489 2
488 4
487 2
486 4
485 2
484 4
483 2
482 4
481 2
480 4
479 2
478 4
477 2
476 4
475 2
474 4
473 2
472 4
471 2
470 4
469 2
468 4
467 2
466 4
465 2
464 4
463 2
462 4
461 2
460 4
459 2
458 4
457 2
456 4
455 2
454 4
453 2
452 4
451 2
450 4
449 2
448 4
447 2
446 4
445 2
444 4
443 2
442 4
441 2
440 4
439 2
438 4
437 2
436 4
435 2
434 4
433 2
432 4
431 2
430 4
429 2
428 4
427 2
426 4
425 2
424 4
423 2
422 4
421 2
420 4
419 2
418 4
417 2
416 4
415 2
414 4
413 2
412 4
411 2
410 4
409 2
408 4
407 2
406 4
405 2
404 4
403 2
402 4
401 2
400 4
399 2
398 4
397 2
396 4
395 2
394 4
393 2
392 4
391 2
390 4
389 2
388 4
387 2
386 4
385 2
384 4
383 2
382 4
381 2
380 4
379 2
378 4
377 2
376 4
375 2
374 4
373 2
372 4
371 2
370 4
369 2
368 4
367 2
366 4
365 2
364 4
363 2
362 4
361 2
360 4
359 2
358 4
357 2
356 4
355 2
354 4
353 2
352 4
351 2
350 4
349 2
348 4
347 2
346 4
345 2
344 4
343 2
342 4
341 2
340 4
339 2
338 4
337 2
336 4
335 2
334 4
333 2
332 4
331 2
330 4
329 2
328 4
327 2
326 4
325 2
324 4
323 2
322 4
321 2
320 4
319 2
318 4
317 2
316 4
315 2
314 4
313 2
312 4
311 2
310 4
309 2
308 4
307 2
306 4
305 2
304 4
303 2
302 4
301 2
300 4
299 2
298 4
297 2
296 4
295 2
294 4
293 2
292 4
291 2
290 4
289 2
288 4
287 2
286 4
285 2
284 4
283 2
282 4
281 2
280 4
279 2
278 4
277 2
276 4
275 2
274 4
273 2
272 4
271 2
270 4
269 2
268 4
267 2
266 4
265 2
264 4
263 2
262 4
261 2
260 4
259 2
258 4
257 2
256 4
255 2
254 4
253 2
252 4
251 2
250 4
249 2
248 4
247 2
246 4
245 2
244 4
243 2
242 4
241 2
240 4
239 2
238 4
237 2
236 4
235 2
234 4
233 2
232 4
231 2
230 4
229 2
228 4
227 2
226 4
225 2
224 4
223 2
222 4
221 2
220 4
219 2
218 4
217 2
216 4
215 2
214 4
213 2
212 4
211 2
210 4
209 2
208 4
207 2
206 4
205 2
204 4
203 2
202 4
201 2
200 4
199 2
198 4
197 2
196 4
195 2
194 4
193 2
192 4
191 2
190 4
189 2
188 4
187 2
186 4
185 2
184 4
183 2
182 4
181 2
180 4
179 2
178 4
177 2
176 4
175 2
174 4
173 2
172 4
171 2
170 4
169 2
168 4
167 2
166 4
165 2
164 4
163 2
162 4
161 2
160 4
159 2
158 4
157 2
156 4
155 2
154 4
153 2
152 4
151 2
150 4
149 2
148 4
147 2
146 4
145 2
144 4
143 2
142 4
141 2
140 4
139 2
138 4
137 2
136 4
135 2
134 4
133 2
132 4
131 2
130 4
129 2
128 4
127 2
126 4
125 2
124 4
123 2
122 4
121 2
120 4
119 2
118 4
117 2
116 4
115 2
114 4
113 2
112 4
111 2
110 4
109 2
108 4
107 2
106 4
105 2
104 4
103 2
102 4
101 2
100 4
99 2
98 4
97 2
96 4
95 2
94 4
93 2
92 4
91 2
90 4
89 2
88 4
87 2
86 4
85 2
84 4
83 2
82 4
81 2
80 4
79 2
78 4
77 2
76 4
75 2
74 4
73 2
72 4
71 2
70 4
69 2
68 4
67 2
66 4
65 2
64 4
63 2
62 4
61 2
60 4
59 2
58 4
57 2
56 4
55 2
54 4
53 2
52 4
51 2
50 4
49 2
48 4
47 2
46 4
45 2
44 4
43 2
42 4
41 2
40 4
39 2
38 4
37 2
36 4
35 2
34 4
33 2
32 4
31 2
30 4
29 2
28 4
27 2
26 4
25 2
24 4
23 2
22 4
21 2
20 4
19 2
18 4
17 2
16 4
15 2
14 4
13 2
12 4
11 2
10 4
9 2
8 4
7 2
6 4
5 2
4 4
3 2
2 4
1 2
0 6
-2 2
-4 2
-6 2
-8 2
-10 2
-12 2
-14 2
-16 2
-18 2
-20 2
-22 2
-24 2
-26 2
-28 2
-30 2
-32 2
-34 2
-36 2
-38 2
-40 2
-42 2
-44 2
-46 2
-48 2
-50 2
-52 2
-54 2
-56 2
-58 2
-60 2
-62 2
-64 2
-66 2
-68 2
-70 2
-72 2
-74 2
-76 2
-78 2
-80 2
-82 2
-84 2
-86 2
-88 2
-90 2
-92 2
-94 2
-96 2
-98 2
-100 2
-102 2
-104 2
-106 2
-108 2
-110 2
-112 2
-114 2
-116 2
-118 2
-120 2
-122 2
-124 2
-126 2
-128 2
-130 2
-132 2
-134 2
-136 2
-138 2
-140 2
-142 2
-144 2
-146 2
-148 2
-150 2
-152 2
-154 2
-156 2
-158 2
-160 2
-162 2
-164 2
-166 2
-168 2
-170 2
-172 2
-174 2
-176 2
-178 2
-180 2
-182 2
-184 2
-186 2
-188 2
-190 2
-192 2
-194 2
-196 2
-198 2
-200 2
-202 2
-204 2
-206 2
-208 2
-210 2
-212 2
-214 2
-216 2
-218 2
-220 2
-222 2
-224 2
-226 2
-228 2
-230 2
-232 2
-234 2
-236 2
-238 2
-240 2
-242 2
-244 2
-246 2
-248 2
-250 2
-252 2
-254 2
-256 2
-258 2
-260 2
-262 2
-264 2
-266 2
-268 2
-270 2
-272 2
-274 2
-276 2
-278 2
-280 2
-282 2
-284 2
-286 2
-288 2
-290 2
-292 2
-294 2
-296 2
-298 2
-300 2
-302 2
-304 2
-306 2
-308 2
-310 2
-312 2
-314 2
-316 2
-318 2
-320 2
-322 2
-324 2
-326 2
-328 2
-330 2
-332 2
-334 2
-336 2
-338 2
-340 2
-342 2
-344 2
-346 2
-348 2
-350 2
-352 2
-354 2
-356 2
-358 2
-360 2
-362 2
-364 2
-366 2
-368 2
-370 2
-372 2
-374 2
-376 2
-378 2
-380 2
-382 2
-384 2
-386 2
-388 2
-390 2
-392 2
-394 2
-396 2
-398 2
-400 2
-402 2
-404 2
-406 2
-408 2
-410 2
-412 2
-414 2
-416 2
-418 2
-420 2
-422 2
-424 2
-426 2
-428 2
-430 2
-432 2
-434 2
-436 2
-438 2
-440 2
-442 2
-444 2
-446 2
-448 2
-450 2
-452 2
-454 2
-456 2
-458 2
-460 2
-462 2
-464 2
-466 2
-468 2
-470 2
-472 2
-474 2
-476 2
-478 2
-480 2
-482 2
-484 2
-486 2
-488 2
-490 2
-492 2
-494 2
-496 2
-498 2
-500 2
-502 2
-504 2
-506 2
-508 2
-510 2
-512 2
-514 2
-516 2
-518 2
-520 2
-522 2
-524 2
-526 2
-528 2
-530 2
-532 2
-534 2
-536 2
-538 2
-540 2
-542 2
-544 2
-546 2
-548 2
-550 2
-552 2
-554 2
-556 2
-558 2
-560 2
-562 2
-564 2
-566 2
-568 2
-570 2
-572 2
-574 2
-576 2
-578 2
-580 2
-582 2
-584 2
-586 2
-588 2
-590 2
-592 2
-594 2
-596 2
-598 2
-600 2
-602 2
-604 2
-606 2
-608 2
-610 2
-612 2
-614 2
-616 2
-618 2
-620 2
-622 2
-624 2
-626 2
-628 2
-630 2
-632 2
-634 2
-636 2
-638 2
-640 2
-642 2
-644 2
-646 2
-648 2
-650 2
-652 2
-654 2
-656 2
-658 2
-660 2
-662 2
-664 2
-666 2
-668 2
-670 2
-672 2
-674 2
-676 2
-678 2
-680 2
-682 2
-684 2
-686 2
-688 2
-690 2
-692 2
-694 2
-696 2
-698 2
-700 2
-702 2
-704 2
-706 2
-708 2
-710 2
-712 2
-714 2
-716 2
-718 2
-720 2
-722 2
-724 2
-726 2
-728 2
-730 2
-732 2
-734 2
-736 2
-738 2
-740 2
-742 2
-744 2
-746 2
-748 2
-750 2
-752 2
-754 2
-756 2
-758 2
-760 2
-762 2
-764 2
-766 2
-768 2
-770 2
-772 2
-774 2
-776 2
-778 2
-780 2
-782 2
-784 2
-786 2
-788 2
-790 2
-792 2
-794 2
-796 2
-798 2
-800 2
-802 2
-804 2
-806 2
-808 2
-810 2
-812 2
-814 2
-816 2
-818 2
-820 2
-822 2
-824 2
-826 2
-828 2
-830 2
-832 2
-834 2
-836 2
-838 2
-840 2
-842 2
-844 2
-846 2
-848 2
-850 2
-852 2
-854 2
-856 2
-858 2
-860 2
-862 2
-864 2
-866 2
-868 2
-870 2
-872 2
-874 2
-876 2
-878 2
-880 2
-882 2
-884 2
-886 2
-888 2
-890 2
-892 2
-894 2
-896 2
-898 2
-900 2
-902 2
-904 2
-906 2
-908 2
-910 2
-912 2
-914 2
-916 2
-918 2
-920 2
-922 2
-924 2
-926 2
-928 2
-930 2
-932 2
-934 2
-936 2
-938 2
-940 2
-942 2
-944 2
-946 2
-948 2
-950 2
-952 2
-954 2
-956 2
-958 2
-960 2
-962 2
-964 2
-966 2
-968 2
-970 2
-972 2
-974 2
-976 2
-978 2
-980 2
-982 2
-984 2
-986 2
-988 2
-990 2
-992 2
-994 2
-996 2
-998 2
